-1.8000000E+02  1.3700000E-01  5.4700000E-02  
-1.7000000E+02  6.7300000E-01  9.3300000E-02  
-1.6000000E+02  9.3400000E-01  2.0440000E-01  
-1.5000000E+02  8.6500000E-01  3.7440000E-01  
-1.4000000E+02  8.2600000E-01  5.8230000E-01  
-1.3000000E+02  7.5100000E-01  8.0270000E-01  
-1.2000000E+02  6.2400000E-01  1.0083000E+00  
-1.1000000E+02  4.4500000E-01  1.1737000E+00  
-1.0000000E+02  2.3000000E-01  1.2781000E+00  
-9.0000000E+01  0.0000000E+00  1.3080000E+00  
-8.0000000E+01  -2.3000000E-01  1.2781000E+00  
-7.0000000E+01  -4.4500000E-01  1.1737000E+00  
-6.0000000E+01  -6.2400000E-01  1.0083000E+00  
-5.0000000E+01  -7.5100000E-01  8.0270000E-01  
-4.0000000E+01  -8.2600000E-01  5.8230000E-01  
-3.0000000E+01  -8.6500000E-01  3.7440000E-01  
-2.0000000E+01  -9.3400000E-01  2.0440000E-01  
-1.0000000E+01  -5.6800000E-01  9.9900000E-02  
-5.0000000E+00  -5.7000000E-02  9.1000000E-03  
-4.0000000E+00  5.1000000E-02  9.3000000E-03  
-3.0000000E+00  1.5800000E-01  9.4000000E-03  
-2.0000000E+00  2.6600000E-01  9.5000000E-03  
-1.0000000E+00  3.7400000E-01  9.5000000E-03  
0.0000000E+00  4.8100000E-01  9.6000000E-03  
1.0000000E+00  5.8800000E-01  9.7000000E-03  
2.0000000E+00  6.9500000E-01  9.9000000E-03  
3.0000000E+00  8.0200000E-01  1.0000000E-02  
4.0000000E+00  9.0800000E-01  1.0300000E-02  
5.0000000E+00  1.0130000E+00  1.0500000E-02  
6.0000000E+00  1.1180000E+00  1.1000000E-02  
7.0000000E+00  1.2220000E+00  1.1500000E-02  
8.0000000E+00  1.3250000E+00  1.2100000E-02  
9.0000000E+00  1.3850000E+00  2.0400000E-02  
1.0000000E+01  1.4690000E+00  2.2900000E-02  
1.1000000E+01  1.5470000E+00  2.5000000E-02  
1.1310000E+01  1.5610000E+00  2.5800000E-02  
1.6800000E+01  9.9200000E-01  1.6180000E-01  
2.6800000E+01  8.7800000E-01  3.1490000E-01  
3.6800000E+01  8.4000000E-01  5.1340000E-01  
4.6800000E+01  7.8100000E-01  7.3280000E-01  
5.6800000E+01  6.7000000E-01  9.4600000E-01  
6.6800000E+01  5.0700000E-01  1.1268000E+00  
7.6800000E+01  3.0100000E-01  1.2524000E+00  
8.6800000E+01  7.3000000E-02  1.3070000E+00  
9.6800000E+01  -1.5700000E-01  1.2961000E+00  
1.0680000E+02  -3.8000000E-01  1.2144000E+00  
1.1680000E+02  -5.7200000E-01  1.0665000E+00  
1.2680000E+02  -7.1700000E-01  8.7110000E-01  
1.3680000E+02  -8.0700000E-01  6.5250000E-01  
1.4680000E+02  -8.5400000E-01  4.3770000E-01  
1.5680000E+02  -9.0000000E-01  2.5300000E-01  
1.6680000E+02  -8.4300000E-01  1.2130000E-01  
1.7680000E+02  -3.0700000E-01  5.8600000E-02  
1.8000000E+02  1.3700000E-01  5.4700000E-02  