-180.0000   -0.0881    0.0400
 -179.0000   -0.0652    0.0500
 -178.0000   -0.0357    0.0601
 -177.0000         0    0.0703
 -176.0000    0.0520    0.0807
 -175.0000    0.1260    0.0912
 -174.0000    0.2146    0.1018
 -173.0000    0.3102    0.1126
 -172.0000    0.4053    0.1235
 -171.0000    0.4923    0.1346
 -170.0000    0.5638    0.1458
 -169.0000    0.6122    0.1571
 -168.0000    0.6300    0.1686
 -167.0000    0.6223    0.1802
 -166.0000    0.6019    0.1920
 -165.0000    0.5730    0.2039
 -164.0000    0.5400    0.2160
 -163.0000    0.5070    0.2282
 -162.0000    0.4781    0.2405
 -161.0000    0.4577    0.2530
 -160.0000    0.4500    0.2656
 -159.0000    0.4518    0.2784
 -158.0000    0.4570    0.2913
 -157.0000    0.4652    0.3044
 -156.0000    0.4760    0.3176
 -155.0000    0.4891    0.3310
 -154.0000    0.5040    0.3445
 -153.0000    0.5204    0.3581
 -152.0000    0.5380    0.3719
 -151.0000    0.5563    0.3859
 -150.0000    0.5750    0.4000
 -149.0000    0.5937    0.4146
 -148.0000    0.6120    0.4301
 -147.0000    0.6296    0.4464
 -146.0000    0.6460    0.4634
 -145.0000    0.6609    0.4812
 -144.0000    0.6740    0.4997
 -143.0000    0.6848    0.5189
 -142.0000    0.6930    0.5386
 -141.0000    0.6982    0.5590
 -140.0000    0.7000    0.5799
 -139.0000    0.6995    0.6014
 -138.0000    0.6982    0.6233
 -137.0000    0.6960    0.6456
 -136.0000    0.6929    0.6684
 -135.0000    0.6889    0.6915
 -134.0000    0.6842    0.7149
 -133.0000    0.6786    0.7387
 -132.0000    0.6723    0.7626
 -131.0000    0.6651    0.7868
 -130.0000    0.6573    0.8112
 -129.0000    0.6486    0.8357
 -128.0000    0.6393    0.8603
 -127.0000    0.6293    0.8850
 -126.0000    0.6186    0.9097
 -125.0000    0.6072    0.9344
 -124.0000    0.5952    0.9590
 -123.0000    0.5825    0.9836
 -122.0000    0.5693    1.0080
 -121.0000    0.5554    1.0323
 -120.0000    0.5410    1.0563
 -119.0000    0.5260    1.0802
 -118.0000    0.5105    1.1037
 -117.0000    0.4944    1.1270
 -116.0000    0.4779    1.1499
 -115.0000    0.4609    1.1724
 -114.0000    0.4434    1.1945
 -113.0000    0.4254    1.2161
 -112.0000    0.4071    1.2372
 -111.0000    0.3883    1.2578
 -110.0000    0.3691    1.2778
 -109.0000    0.3495    1.2972
 -108.0000    0.3296    1.3160
 -107.0000    0.3094    1.3341
 -106.0000    0.2888    1.3514
 -105.0000    0.2679    1.3680
 -104.0000    0.2467    1.3838
 -103.0000    0.2253    1.3987
 -102.0000    0.2036    1.4128
 -101.0000    0.1817    1.4260
 -100.0000    0.1595    1.4382
  -99.0000    0.1372    1.4494
  -98.0000    0.1147    1.4597
  -97.0000    0.0920    1.4688
  -96.0000    0.0692    1.4769
  -95.0000    0.0462    1.4838
  -94.0000    0.0231    1.4895
  -93.0000         0    1.4940
  -92.0000   -0.0309    1.4973
  -91.0000   -0.0686    1.4993
  -90.0000   -0.1000    1.5000
  -89.0000   -0.1238    1.4994
  -88.0000   -0.1475    1.4974
  -87.0000   -0.1712    1.4943
  -86.0000   -0.1948    1.4899
  -85.0000   -0.2183    1.4844
  -84.0000   -0.2416    1.4778
  -83.0000   -0.2648    1.4700
  -82.0000   -0.2878    1.4612
  -81.0000   -0.3107    1.4514
  -80.0000   -0.3333    1.4406
  -79.0000   -0.3557    1.4288
  -78.0000   -0.3779    1.4161
  -77.0000   -0.3998    1.4025
  -76.0000   -0.4214    1.3880
  -75.0000   -0.4428    1.3727
  -74.0000   -0.4638    1.3567
  -73.0000   -0.4844    1.3399
  -72.0000   -0.5047    1.3224
  -71.0000   -0.5246    1.3042
  -70.0000   -0.5442    1.2853
  -69.0000   -0.5633    1.2659
  -68.0000   -0.5819    1.2458
  -67.0000   -0.6001    1.2253
  -66.0000   -0.6179    1.2042
  -65.0000   -0.6351    1.1826
  -64.0000   -0.6518    1.1606
  -63.0000   -0.6680    1.1382
  -62.0000   -0.6836    1.1155
  -61.0000   -0.6987    1.0924
  -60.0000   -0.7131    1.0690
  -59.0000   -0.7270    1.0453
  -58.0000   -0.7402    1.0214
  -57.0000   -0.7528    0.9973
  -56.0000   -0.7647    0.9731
  -55.0000   -0.7759    0.9487
  -54.0000   -0.7864    0.9243
  -53.0000   -0.7962    0.8997
  -52.0000   -0.8052    0.8752
  -51.0000   -0.8134    0.8507
  -50.0000   -0.8209    0.8262
  -49.0000   -0.8276    0.8018
  -48.0000   -0.8334    0.7775
  -47.0000   -0.8384    0.7534
  -46.0000   -0.8425    0.7294
  -45.0000   -0.8458    0.7057
  -44.0000   -0.8481    0.6823
  -43.0000   -0.8495    0.6591
  -42.0000   -0.8500    0.6362
  -41.0000   -0.8467    0.6137
  -40.0000   -0.8372    0.5916
  -39.0000   -0.8221    0.5700
  -38.0000   -0.8021    0.5488
  -37.0000   -0.7777    0.5281
  -36.0000   -0.7496    0.5079
  -35.0000   -0.7184    0.4883
  -34.0000   -0.6847    0.4693
  -33.0000   -0.6492    0.4509
  -32.0000   -0.6124    0.4332
  -31.0000   -0.5750    0.4162
  -30.0000   -0.5376    0.4000
  -29.0000   -0.5008    0.3837
  -28.0000   -0.4653    0.3667
  -27.0000   -0.4316    0.3490
  -26.0000   -0.4004    0.3308
  -25.0000   -0.3723    0.3121
  -24.0000   -0.3479    0.2931
  -23.0000   -0.3279    0.2740
  -22.0000   -0.3128    0.2548
  -21.0000   -0.3033    0.2356
  -20.0000   -0.3000    0.2166
  -19.0000   -0.3011    0.1978
  -18.0000   -0.3043    0.1794
  -17.0000   -0.3092    0.1615
  -16.0000   -0.3156    0.1443
  -15.0000   -0.3232    0.1277
  -14.0000   -0.3316    0.1120
  -13.0000   -0.3407    0.0972
  -12.0000   -0.3500    0.0836
  -11.0000   -0.3593    0.0710
  -10.0000   -0.3684    0.0598
   -9.0000   -0.3768    0.0500
   -8.0000   -0.3844    0.0418
   -7.0000   -0.3908    0.0351
   -6.0000   -0.3957    0.0302
   -5.0000   -0.3989    0.0272
   -4.0000   -0.4000    0.0262
   -3.0000   -0.2810    0.0273
   -2.0000   -0.0707    0.0299
   -1.0000    0.0383    0.0324
         0    0.1000    0.0335
    1.0000    0.1762    0.0331
    2.0000    0.2626    0.0322
    3.0000    0.3568    0.0309
    4.0000    0.4566    0.0293
    5.0000    0.5597    0.0278
    6.0000    0.6639    0.0264
    7.0000    0.7667    0.0253
    8.0000    0.8660    0.0247
    9.0000    0.9595    0.0254
   10.0000    1.0449    0.0288
   11.0000    1.1198    0.0348
   12.0000    1.1821    0.0433
   13.0000    1.2294    0.0540
   14.0000    1.2595    0.0668
   15.0000    1.2700    0.0815
   16.0000    1.1093    0.0979
   17.0000    0.8107    0.1158
   18.0000    0.6500    0.1350
   19.0000    0.6515    0.1553
   20.0000    0.6558    0.1766
   21.0000    0.6627    0.1986
   22.0000    0.6718    0.2212
   23.0000    0.6829    0.2442
   24.0000    0.6956    0.2674
   25.0000    0.7098    0.2905
   26.0000    0.7251    0.3135
   27.0000    0.7413    0.3362
   28.0000    0.7580    0.3583
   29.0000    0.7750    0.3796
   30.0000    0.7920    0.4000
   31.0000    0.8087    0.4205
   32.0000    0.8249    0.4420
   33.0000    0.8402    0.4647
   34.0000    0.8544    0.4884
   35.0000    0.8671    0.5130
   36.0000    0.8782    0.5386
   37.0000    0.8873    0.5651
   38.0000    0.8942    0.5923
   39.0000    0.8985    0.6204
   40.0000    0.9000    0.6492
   41.0000    0.8995    0.6786
   42.0000    0.8981    0.7087
   43.0000    0.8958    0.7393
   44.0000    0.8926    0.7705
   45.0000    0.8885    0.8021
   46.0000    0.8835    0.8342
   47.0000    0.8777    0.8666
   48.0000    0.8711    0.8993
   49.0000    0.8636    0.9324
   50.0000    0.8554    0.9656
   51.0000    0.8464    0.9990
   52.0000    0.8367    1.0325
   53.0000    0.8262    1.0661
   54.0000    0.8151    1.0998
   55.0000    0.8032    1.1334
   56.0000    0.7907    1.1669
   57.0000    0.7775    1.2002
   58.0000    0.7637    1.2334
   59.0000    0.7492    1.2664
   60.0000    0.7342    1.2991
   61.0000    0.7186    1.3315
   62.0000    0.7024    1.3634
   63.0000    0.6857    1.3950
   64.0000    0.6685    1.4260
   65.0000    0.6508    1.4566
   66.0000    0.6326    1.4865
   67.0000    0.6139    1.5158
   68.0000    0.5948    1.5445
   69.0000    0.5753    1.5724
   70.0000    0.5553    1.5995
   71.0000    0.5350    1.6257
   72.0000    0.5143    1.6511
   73.0000    0.4932    1.6756
   74.0000    0.4718    1.6991
   75.0000    0.4501    1.7215
   76.0000    0.4281    1.7429
   77.0000    0.4059    1.7631
   78.0000    0.3834    1.7822
   79.0000    0.3606    1.8000
   80.0000    0.3376    1.8165
   81.0000    0.3144    1.8317
   82.0000    0.2911    1.8455
   83.0000    0.2676    1.8579
   84.0000    0.2439    1.8687
   85.0000    0.2201    1.8781
   86.0000    0.1962    1.8858
   87.0000    0.1723    1.8920
   88.0000    0.1482    1.8964
   89.0000    0.1241    1.8991
   90.0000    0.1000    1.9000
   91.0000    0.0697    1.8990
   92.0000    0.0333    1.8961
   93.0000         0    1.8913
   94.0000   -0.0290    1.8848
   95.0000   -0.0585    1.8764
   96.0000   -0.0886    1.8664
   97.0000   -0.1190    1.8547
   98.0000   -0.1497    1.8415
   99.0000   -0.1807    1.8267
  100.0000   -0.2118    1.8105
  101.0000   -0.2431    1.7929
  102.0000   -0.2743    1.7739
  103.0000   -0.3055    1.7536
  104.0000   -0.3366    1.7321
  105.0000   -0.3674    1.7094
  106.0000   -0.3980    1.6856
  107.0000   -0.4282    1.6607
  108.0000   -0.4580    1.6349
  109.0000   -0.4873    1.6080
  110.0000   -0.5160    1.5803
  111.0000   -0.5440    1.5518
  112.0000   -0.5713    1.5224
  113.0000   -0.5977    1.4924
  114.0000   -0.6233    1.4617
  115.0000   -0.6479    1.4304
  116.0000   -0.6715    1.3985
  117.0000   -0.6940    1.3662
  118.0000   -0.7152    1.3334
  119.0000   -0.7352    1.3003
  120.0000   -0.7539    1.2668
  121.0000   -0.7711    1.2331
  122.0000   -0.7869    1.1991
  123.0000   -0.8011    1.1651
  124.0000   -0.8136    1.1309
  125.0000   -0.8244    1.0967
  126.0000   -0.8334    1.0625
  127.0000   -0.8406    1.0285
  128.0000   -0.8458    0.9945
  129.0000   -0.8489    0.9608
  130.0000   -0.8500    0.9273
  131.0000   -0.8487    0.8941
  132.0000   -0.8449    0.8613
  133.0000   -0.8388    0.8290
  134.0000   -0.8306    0.7971
  135.0000   -0.8204    0.7658
  136.0000   -0.8084    0.7350
  137.0000   -0.7948    0.7050
  138.0000   -0.7798    0.6756
  139.0000   -0.7636    0.6470
  140.0000   -0.7463    0.6193
  141.0000   -0.7281    0.5924
  142.0000   -0.7092    0.5665
  143.0000   -0.6898    0.5415
  144.0000   -0.6700    0.5177
  145.0000   -0.6500    0.4949
  146.0000   -0.6300    0.4734
  147.0000   -0.6102    0.4530
  148.0000   -0.5908    0.4340
  149.0000   -0.5719    0.4163
  150.0000   -0.5537    0.4000
  151.0000   -0.5364    0.3845
  152.0000   -0.5202    0.3692
  153.0000   -0.5052    0.3542
  154.0000   -0.4916    0.3393
  155.0000   -0.4796    0.3246
  156.0000   -0.4694    0.3102
  157.0000   -0.4612    0.2959
  158.0000   -0.4551    0.2819
  159.0000   -0.4513    0.2682
  160.0000   -0.4500    0.2546
  161.0000   -0.4722    0.2413
  162.0000   -0.5278    0.2283
  163.0000   -0.6000    0.2155
  164.0000   -0.6722    0.2029
  165.0000   -0.7278    0.1906
  166.0000   -0.7500    0.1786
  167.0000   -0.7480    0.1668
  168.0000   -0.7416    0.1554
  169.0000   -0.7302    0.1442
  170.0000   -0.7131    0.1332
  171.0000   -0.6898    0.1226
  172.0000   -0.6594    0.1123
  173.0000   -0.6215    0.1022
  174.0000   -0.5754    0.0925
  175.0000   -0.5203    0.0831
  176.0000   -0.4558    0.0740
  177.0000   -0.3812    0.0652
  178.0000   -0.2957    0.0567
  179.0000   -0.1989    0.0486
  180.0000   -0.0881    0.0400